#******************************************


**** Calibrating ****
mono pinhole calibration...
D = [-0.0641380910853899, 0.09664748093195769, -0.0022974298738819227, 0.0002804981157820163, 0.0]
K = [1246.3091785061129, 0.0, 622.2111377300469, 0.0, 1245.9322360332665, 525.4929000273447, 0.0, 0.0, 1.0]
R = [1.0, 0.0, 0.0, 0.0, 1.0, 0.0, 0.0, 0.0, 1.0]
P = [1237.1497802734375, 0.0, 622.7577107033867, 0.0, 0.0, 1236.707763671875, 523.8357807573266, 0.0, 0.0, 0.0, 1.0, 0.0]
None
# oST version 5.0 parameters


[image]

width
1280

height
1024

[narrow_stereo]

camera matrix
1246.309179 0.000000 622.211138
0.000000 1245.932236 525.492900
0.000000 0.000000 1.000000

distortion
-0.064138 0.096647 -0.002297 0.000280 0.000000

rectification
1.000000 0.000000 0.000000
0.000000 1.000000 0.000000
0.000000 0.000000 1.000000

projection
1237.149780 0.000000 622.757711 0.000000
0.000000 1236.707764 523.835781 0.000000
0.000000 0.000000 1.000000 0.000000







D = [-0.0641380910853899, 0.09664748093195769, -0.0022974298738819227, 0.0002804981157820163, 0.0]
K = [1246.3091785061129, 0.0, 622.2111377300469, 0.0, 1245.9322360332665, 525.4929000273447, 0.0, 0.0, 1.0]
R = [1.0, 0.0, 0.0, 0.0, 1.0, 0.0, 0.0, 0.0, 1.0]
P = [1237.1497802734375, 0.0, 622.7577107033867, 0.0, 0.0, 1236.707763671875, 523.8357807573266, 0.0, 0.0, 0.0, 1.0, 0.0]
# oST version 5.0 parameters


[image]

width
1280

height
1024

[narrow_stereo]

camera matrix
1246.309179 0.000000 622.211138
0.000000 1245.932236 525.492900
0.000000 0.000000 1.000000

distortion
-0.064138 0.096647 -0.002297 0.000280 0.000000

rectification
1.000000 0.000000 0.000000
0.000000 1.000000 0.000000
0.000000 0.000000 1.000000

projection
1237.149780 0.000000 622.757711 0.000000
0.000000 1236.707764 523.835781 0.000000
0.000000 0.000000 1.000000 0.000000

